Mouse_X,Mouse_Y
213,562
